5.125000e+00 1.250000e-01 2.108436e-02 1.057388e-04
5.375000e+00 1.250000e-01 2.134289e-02 1.078063e-04
5.625000e+00 1.250000e-01 2.128639e-02 1.367867e-04
5.875000e+00 1.250000e-01 2.126128e-02 1.178443e-04
6.125000e+00 1.250000e-01 2.113279e-02 1.246007e-04
6.375000e+00 1.250000e-01 2.098980e-02 1.270126e-04
6.625000e+00 1.250000e-01 2.112934e-02 1.462189e-04
6.875000e+00 1.250000e-01 2.108929e-02 1.679915e-04
7.125000e+00 1.250000e-01 2.132335e-02 1.837818e-04
7.375000e+00 1.250000e-01 2.167414e-02 1.814975e-04
7.625000e+00 1.250000e-01 2.134349e-02 1.958108e-04
7.875000e+00 1.250000e-01 2.114150e-02 2.063185e-04
8.125000e+00 1.250000e-01 2.059629e-02 2.294699e-04
8.375000e+00 1.250000e-01 2.090629e-02 2.222058e-04
8.625000e+00 1.250000e-01 2.116327e-02 2.516526e-04
8.875000e+00 1.250000e-01 2.121125e-02 2.481804e-04
9.125000e+00 1.250000e-01 2.103122e-02 3.002894e-04
9.375000e+00 1.250000e-01 2.079047e-02 2.976733e-04
9.625000e+00 1.250000e-01 2.069987e-02 3.269779e-04
9.875000e+00 1.250000e-01 2.111483e-02 2.950979e-04
1.012500e+01 1.250000e-01 1.996597e-02 3.855756e-04
1.037500e+01 1.250000e-01 1.939460e-02 4.548625e-04
1.062500e+01 1.250000e-01 2.004871e-02 5.118939e-04
1.087500e+01 1.250000e-01 1.985314e-02 5.983238e-04
1.112500e+01 1.250000e-01 2.020521e-02 6.620253e-04
1.137500e+01 1.250000e-01 1.876380e-02 8.394015e-04
1.162500e+01 1.250000e-01 1.985165e-02 9.002296e-04
1.187500e+01 1.250000e-01 1.946169e-02 1.116822e-03
