2.4327832460403442e+00 1.2423634529113770e-02 2.1161857814326553e-02 1.1717082902804363e-04
2.4576405286788940e+00 1.2433648109436035e-02 2.1466805135535352e-02 1.0620080071959244e-04
2.4829962253570557e+00 1.2922048568725586e-02 2.1381402517755738e-02 1.0380700555242211e-04
2.5088510513305664e+00 1.2932777404785156e-02 2.1440669786315258e-02 1.0382276420849242e-04
2.5347268581390381e+00 1.2943029403686523e-02 2.1344911293377108e-02 9.9053280273803774e-05
2.5606229305267334e+00 1.2953042984008789e-02 2.1600539626461406e-02 1.0185098831908514e-04
2.5870192050933838e+00 1.3443231582641602e-02 2.1423551609871850e-02 9.8451406500215524e-05
2.6139163970947266e+00 1.3453960418701172e-02 2.1408924091670899e-02 9.6837434196446505e-05
2.6408345699310303e+00 1.3464212417602539e-02 2.1543018267880836e-02 9.0449864497944125e-05
2.6677731275558472e+00 1.3474345207214355e-02 2.1827749944287145e-02 9.1688523525272267e-05
2.6952134370803833e+00 1.3965964317321777e-02 2.1700853515334781e-02 8.0041769622843145e-05
2.7231559753417969e+00 1.3976573944091797e-02 2.1713424185546389e-02 1.0949364413501669e-04
2.7511193752288818e+00 1.3986825942993164e-02 2.1662330304286718e-02 8.5564603581124923e-05
2.7791029214859009e+00 1.3996720314025879e-02 2.1655642134597267e-02 9.1532739896955868e-05
2.8075894117355347e+00 1.4489769935607910e-02 2.1776980280614918e-02 8.7252924543734171e-05
2.8365793228149414e+00 1.4500141143798828e-02 2.1690466974240565e-02 1.0600473799931626e-04
2.8655896186828613e+00 1.4510154724121094e-02 2.1581371892302366e-02 9.6219076017295047e-05
2.8951039314270020e+00 1.5004158020019531e-02 2.1722663836565667e-02 1.0721861453881754e-04
2.9251223802566528e+00 1.5014290809631348e-02 2.1635913872713044e-02 7.8003130773472473e-05
2.9551609754562378e+00 1.5024304389953613e-02 2.1666888056670119e-02 8.5075157732814705e-05
2.9852193593978882e+00 1.5034079551696777e-02 2.1451098467574523e-02 8.7136938074733100e-05
3.0157823562622070e+00 1.5528917312622070e-02 2.1368305264894756e-02 9.2640835665657882e-05
3.0468500852584839e+00 1.5538811683654785e-02 2.1306325113747290e-02 7.8830541867470073e-05
3.0779371261596680e+00 1.5548229217529297e-02 2.1342382566387760e-02 7.7868850120610985e-05
3.1095291376113892e+00 1.6043782234191895e-02 2.1362547415466452e-02 9.1024651978479994e-05
3.1416262388229370e+00 1.6053318977355957e-02 2.1345411067693918e-02 1.0422150463419065e-04
3.1737420558929443e+00 1.6062498092651367e-02 2.1038357447279242e-02 8.0237675100605800e-05
3.2063632011413574e+00 1.6558647155761719e-02 2.1248926184700850e-02 7.9065291062536556e-05
3.2394894361495972e+00 1.6567587852478027e-02 2.1158887131236270e-02 7.9497928229584790e-05
3.2726334333419800e+00 1.6576409339904785e-02 2.0982624640450181e-02 8.1748624237850705e-05
3.3062825202941895e+00 1.7072677612304688e-02 2.0974887685878671e-02 7.3813038653114881e-05
3.3404364585876465e+00 1.7081260681152344e-02 2.1145539937709550e-02 7.7076315239145055e-05
3.3746073246002197e+00 1.7089605331420898e-02 2.1206509027467395e-02 8.3740298016807068e-05
3.4092828035354614e+00 1.7585873603820801e-02 2.1024964074894077e-02 8.1545960789879344e-05
3.4444624185562134e+00 1.7593741416931152e-02 2.1220849163929190e-02 7.6192012011647744e-05
3.4796574115753174e+00 1.7601251602172852e-02 2.0869459347903432e-02 7.8848411444110811e-05
3.5153561830520630e+00 1.8097519874572754e-02 2.0977418082159797e-02 7.6529496313651308e-05
3.5515581369400024e+00 1.8104434013366699e-02 2.1004783794646806e-02 7.8827598902571005e-05
3.5877737998962402e+00 1.8111228942871094e-02 2.1012773713448462e-02 7.6044935710055478e-05
3.6244919300079346e+00 1.8606901168823242e-02 2.0914469373898816e-02 7.9367796162354808e-05
3.6617119312286377e+00 1.8613100051879883e-02 2.0931098589911233e-02 7.3470715207115170e-05
3.6989436149597168e+00 1.8618583679199219e-02 2.0989005910971380e-02 9.4634947699653483e-05
3.7366758584976196e+00 1.9113659858703613e-02 2.0874348056619901e-02 7.4395287701240051e-05
3.7749081850051880e+00 1.9118666648864746e-02 2.1018851887092578e-02 8.1398536767972107e-05
3.8136401176452637e+00 1.9613265991210938e-02 2.0699453624057996e-02 8.1060912127464365e-05
3.8528707027435303e+00 1.9617319107055664e-02 2.0966026899147002e-02 7.8241584617031162e-05
3.8921086788177490e+00 1.9620656967163086e-02 2.0699046346223979e-02 9.8512116359475977e-05
3.9318435192108154e+00 2.0114183425903320e-02 2.0936893193926314e-02 8.3808597815103120e-05
3.9882671833038330e+00 3.6309480667114258e-02 2.1000960378240018e-02 9.5898298282638466e-05
