8.7711327762316149e-01 4.4524079153632767e-03 2.0943171806922803e-02 6.9950906116765217e-05
8.8602949268850129e-01 4.4638071499765175e-03 2.1115854930174718e-02 6.8364365398276955e-05
8.9541642945431743e-01 4.9231296158396831e-03 2.1123158598611962e-02 6.8095127375124545e-05
9.0527600025446331e-01 4.9364411843060840e-03 2.1104450624993998e-02 6.1626002075185776e-05
9.1516194164230713e-01 4.9495002035377933e-03 2.1099885403909641e-02 5.9854914452261682e-05
9.2507375946021053e-01 4.9623176143656633e-03 2.1272649191832839e-02 6.1384257008115928e-05
9.3501097215058060e-01 4.9748950760044042e-03 2.1252312963760896e-02 5.9952047161724116e-05
9.4497310155266223e-01 4.9872343260771723e-03 2.1349250851109766e-02 6.2031235849592287e-05
9.5495967305967222e-01 4.9993371809328169e-03 2.1277098182543020e-02 5.7724624172847310e-05
9.6497021576965536e-01 5.0112055290503221e-03 2.1225473247476864e-02 5.9943094894703347e-05
9.7500426262355688e-01 5.0228413248511461e-03 2.1089667665353026e-02 5.8693637845069882e-05
9.8506135053131127e-01 5.0342465829032457e-03 2.0885757089891804e-02 5.6212146597816876e-05
9.9514102048670627e-01 5.0454233724918085e-03 2.1051444392125071e-02 5.3666378137954337e-05
1.0052428176717378e+00 5.0563738125397606e-03 2.1090722996413666e-02 5.2937653142064364e-05
1.0158274680758648e+00 5.5282765915871668e-03 2.0993505314010959e-02 5.2733084592829186e-05
1.0268965034487110e+00 5.5407587812589254e-03 2.1025850147908313e-02 5.0857984810299428e-05
1.0379902248257111e+00 5.5529625957412287e-03 2.0997492796324974e-02 5.0668259188090610e-05
1.0491080789674589e+00 5.5648915460067006e-03 2.1002412616029104e-02 4.9966992065850296e-05
1.0602495046505021e+00 5.5765341370364041e-03 2.1023160861588400e-02 4.7605697397062207e-05
1.0714139390451130e+00 5.5879002575743852e-03 2.0996172333030749e-02 4.7770739638881309e-05
1.0826008339482835e+00 5.5989946455964335e-03 2.1262104521372994e-02 5.3013611287711681e-05
1.0938096495188030e+00 5.6098209249229036e-03 2.1119858287921130e-02 5.3752849431759838e-05
1.1050398759763880e+00 5.6204055326619651e-03 2.1282471162275041e-02 5.0307010334943328e-05
1.1162910000888213e+00 5.6307185797714876e-03 2.1351090425156861e-02 4.7775491713101384e-05
1.1280329894184384e+00 6.1112707498456320e-03 2.1283411613198893e-02 4.6154705880156436e-05
1.1402669977866702e+00 6.1227376183862203e-03 2.1394000496588284e-02 4.3566970607444565e-05
1.1525236417086617e+00 6.1339063036051078e-03 2.1213753406251017e-02 4.4541526067131418e-05
1.1648023027282373e+00 6.1447547159705351e-03 2.1295103290492647e-02 4.8877708977504857e-05
1.1771023345398939e+00 6.1552770956860847e-03 2.1281240591270907e-02 4.4708687082979270e-05
1.1894231161743354e+00 6.1655045387554175e-03 2.1181691674421532e-02 4.4213373180341763e-05
1.2017640712176418e+00 6.1754505045509278e-03 2.1170539626727825e-02 4.3702636761232124e-05
1.2141245904946081e+00 6.1850687724154252e-03 2.1096419526077402e-02 4.2927049268478800e-05
1.2265040765778170e+00 6.1944173107935097e-03 2.1121101300987322e-02 4.2855475023797087e-05
1.2432018358265089e+00 1.0503341937898369e-02 2.1044054018709832e-02 3.6674245086569137e-05
1.2623155745816921e+00 6.6982268594426575e-03 2.0968536774714636e-02 4.6063865248463944e-05
1.2757215725628006e+00 6.7077711216657621e-03 2.0976049288890668e-02 4.6397308726566972e-05
1.2891463572159332e+00 6.7170135314669199e-03 2.0963450064745238e-02 4.3037973361804753e-05
1.3025892678897923e+00 6.7258971423923564e-03 2.0976528197904024e-02 4.4133268356462038e-05
1.3160496399622270e+00 6.7344749300422002e-03 2.1172709582901798e-02 4.6669222519877507e-05
1.3295268402725577e+00 6.7427253802886389e-03 2.1289628350107354e-02 4.7834997417638652e-05
1.3430202352637068e+00 6.7506696108604602e-03 2.1403752872698315e-02 4.8691560307080299e-05
1.3570122301668937e+00 7.2413252923263505e-03 2.1620815707525148e-02 4.5181020728882057e-05
1.3715032797371054e+00 7.2497242778852833e-03 2.1509498166131118e-02 4.7983606690932204e-05
1.3860107658666712e+00 7.2577618516805886e-03 2.1515541574335231e-02 4.6250636488324793e-05
1.4005339768231631e+00 7.2654491048111947e-03 2.1541252104159685e-02 4.7990070087416922e-05
1.4150722127646649e+00 7.2727868366905257e-03 2.1549294168980680e-02 4.8471071250004890e-05
1.4296247974156153e+00 7.2797978142600250e-03 2.1616184350407863e-02 4.8846312721660002e-05
1.4441910597935539e+00 7.2864645636785408e-03 2.1571009796050439e-02 5.0473664126956211e-05
1.4592567642941008e+00 7.7792399368684650e-03 2.1372301947732146e-02 5.0348343802237242e-05
1.4748220865504849e+00 7.7860823195154971e-03 2.1469944028727702e-02 4.9597562934412755e-05
1.4904007422893017e+00 7.7925734193013962e-03 2.1301316369180458e-02 4.8127139844235518e-05
1.5059920116097014e+00 7.7986959010982737e-03 2.1291707236497839e-02 5.3973012962554464e-05
1.5215951785688526e+00 7.8044710580530419e-03 2.1201222312978867e-02 5.1280829570556058e-05
1.5372095663220666e+00 7.8099166951608456e-03 2.1112578319477750e-02 5.3979203549882373e-05
1.5528345060683950e+00 7.8150230511675467e-03 2.1092309456457847e-02 5.6122477214011602e-05
1.5689582414511722e+00 8.3087123316096800e-03 2.1178599895177015e-02 5.1514232271174464e-05
1.5855807115106497e+00 8.3137577278677988e-03 2.1015383206988949e-02 5.1005603517946132e-05
1.6022129134268059e+00 8.3184441882885318e-03 2.0997255990358121e-02 5.6440828102867367e-05
1.6188541571302424e+00 8.3227995151476941e-03 2.0994767418667497e-02 5.8794783360848363e-05
1.6355037741055858e+00 8.3268174601958123e-03 2.0962284284881966e-02 5.7018363255403535e-05
1.6521611120254409e+00 8.3305204596593185e-03 2.0894019842621354e-02 5.9946239186316083e-05
1.6693158920652338e+00 8.8242595801335533e-03 2.0910284853150884e-02 5.9115228782892742e-05
1.6869678814480293e+00 8.8277298026621098e-03 2.0893924640162764e-02 6.0979721785786183e-05
1.7046264866761844e+00 8.8308754254927679e-03 2.0824124059572645e-02 5.9878112642549746e-05
1.7222910779389873e+00 8.8337158373101854e-03 2.1024118672437933e-02 6.5981973230620528e-05
1.7399610517540536e+00 8.8362579777560013e-03 2.1035208599003007e-02 6.4165793047887783e-05
1.7576358341280360e+00 8.8385243962266768e-03 2.1210388198902270e-02 6.6230668927643577e-05
1.7758060871374366e+00 9.3317286131737731e-03 2.1175573003657314e-02 6.5022037092088680e-05
1.7944714934999320e+00 9.3336777493215894e-03 2.1232220956605562e-02 6.8147469551622868e-05
1.8131405332748101e+00 9.3353620255565151e-03 2.1270801218450569e-02 6.8766138430542039e-05
1.8318126987287355e+00 9.3368034283690671e-03 2.1315886130785281e-02 7.4659006951183205e-05
1.8504875199255331e+00 9.3380177684283527e-03 2.1632230674087313e-02 7.8851781210578995e-05
1.8696561183145741e+00 9.8305806206125945e-03 2.1497037022353997e-02 7.3624909198636705e-05
1.8893181873494593e+00 9.8314884142727266e-03 2.1511995307386397e-02 7.9478081947386377e-05
1.9089818820424522e+00 9.8322062787200570e-03 2.1324382817565483e-02 7.7863081561780722e-05
1.9286468494468951e+00 9.8327611257228442e-03 2.1269586502669132e-02 8.2036247836379293e-05
1.9483127889498773e+00 9.8331783772593884e-03 2.1303362211811807e-02 8.3563943652047493e-05
1.9684711296326349e+00 1.0325162305498403e-02 2.1539504409014594e-02 8.2221190405424850e-05
1.9901050687779409e+00 1.1308776839807577e-02 2.1015077967223024e-02 8.4080007815018809e-05
2.0304238884201489e+00 1.0325683637756322e-02 2.1408488155726282e-02 9.1450305788671403e-05
2.0510753699418136e+00 1.0325797883908194e-02 2.1095926066155415e-02 8.8499845122685749e-05
2.0722188164731703e+00 1.0817648647448719e-02 2.1070876683078183e-02 9.6339025850665142e-05
2.0938543228721485e+00 1.0817857751529214e-02 2.1032997104931620e-02 8.8717345403019904e-05
2.1154903447578906e+00 1.0818164134212882e-02 2.0950849129031741e-02 9.9275324383350775e-05
2.1371271133795502e+00 1.0818604487446759e-02 2.1021197438269690e-02 1.0233774028637919e-04
2.1592567331775552e+00 1.1311015310558226e-02 2.0995078475459641e-02 9.9396816482430367e-05
2.1818796705385011e+00 1.1311922050387668e-02 2.0695823525600926e-02 1.0157655889953458e-04
2.2045047026187485e+00 1.1313110029859796e-02 2.0951394705701867e-02 1.0827400349576130e-04
2.2266404597394795e+00 1.0822647090871218e-02 2.0851737857967508e-02 1.0608210497664170e-04
2.2507476204627102e+00 1.1316600196568993e-02 2.0845759182324571e-02 1.1247615756592003e-04
2.2792897293849581e+00 1.7225508725678740e-02 2.1066743300353154e-02 8.9094176515578627e-05
2.3231021638661216e+00 1.1818102641215411e-02 2.0928449007623879e-02 1.1604270590361975e-04
2.3467426721675193e+00 1.1822405660182334e-02 2.1026063400265142e-02 1.2177286445905982e-04
2.3708854028695021e+00 1.2320325041800473e-02 2.1252334035571533e-02 1.2424088499642178e-04
2.4068790294882301e+00 2.3673301576927486e-02 2.1140883774199752e-02 1.0452865126631689e-04
2.4448681102445198e+00 1.2341815603828410e-02 2.1168184464821160e-02 1.3484670647546609e-04
2.4700550982152274e+00 1.2845172366879209e-02 2.1572293828933185e-02 1.4015619615229453e-04
2.4888322853589142e+00 4.9434983447222969e-03 2.1073328556993075e-02 2.2677036821448708e-04
2.5209861816285981e+00 1.2373420035699745e-02 2.1491848732930575e-02 1.5095994425927157e-04
2.5660684164724099e+00 1.2893262079364032e-02 2.1585132908304255e-02 1.6668471645244395e-04
2.5923680466576915e+00 1.3406368105917776e-02 2.1262116569041534e-02 1.6428213079295865e-04
2.6192000415664007e+00 1.3425626802791246e-02 2.1334164051373602e-02 1.6619365198302158e-04
2.6460723809994953e+00 1.3446712630303059e-02 2.1685658789379295e-02 1.6378279870693594e-04
2.6819823702305974e+00 2.2463276600799276e-02 2.1919608279322707e-02 1.3866108943328729e-04
2.7204612605404170e+00 1.4015620178031263e-02 2.1796007788033530e-02 1.8278625912135371e-04
2.7485234116002979e+00 1.4046530881849595e-02 2.1596679385342734e-02 1.9387370387871893e-04
2.7811830710669785e+00 1.8613128584830774e-02 2.1556110930648430e-02 1.7690619774670562e-04
2.8048367953225135e+00 3.0248120234996900e-03 2.1864299852900754e-02 4.3564682960629266e-04
