6.3297875644660362e-01 3.3570642459666011e-03 2.1026660349182828e-02 1.1221555091386685e-04
6.3970930037172136e-01 3.3734796791511368e-03 2.1178340725745880e-02 1.0069684296173602e-04
6.4647238484518388e-01 3.3896047943114405e-03 2.1081914769593632e-02 9.7709031605674277e-05
6.5326744735305187e-01 3.4054577135564923e-03 2.1034279407799360e-02 9.0073298310038743e-05
6.6009393945903749e-01 3.4210343924291342e-03 2.1031158743694392e-02 8.2187286912467638e-05
6.6695128930039771e-01 3.4363154489310266e-03 2.1231919181442734e-02 8.2510652338761183e-05
6.7383892957578850e-01 3.4513248264598229e-03 2.0997892706805400e-02 7.5136680330768670e-05
6.8075630713665880e-01 3.4660527344104741e-03 2.0924414855880320e-02 7.7706358947518170e-05
6.8770286829756344e-01 3.4805084264941666e-03 2.1003932868264286e-02 7.4804849331424714e-05
6.9467805080026179e-01 3.4946740762041850e-03 2.1101478381834054e-02 7.4637370499714049e-05
7.0190102753929096e-01 3.7283026628250338e-03 2.1094378957811945e-02 6.7160348672074043e-05
7.1268865078346910e-01 7.0593205813530568e-03 2.1020963750069718e-02 4.9939391160712034e-05
7.3419741398762539e-01 3.7917982019403107e-03 2.1041171511551826e-02 6.7056082829728173e-05
7.4179490258530612e-01 3.8056903957404686e-03 2.1033404330461955e-02 7.3741662682799515e-05
7.4941983834208958e-01 3.8192453610428889e-03 2.0989869103772776e-02 7.4081210926541476e-05
7.5707156618765881e-01 3.8324824845263894e-03 2.0989204826139800e-02 7.0605647100860139e-05
7.6474941095962312e-01 3.8453622874379811e-03 2.1296841935842397e-02 7.3098715426762561e-05
7.7267999844556901e-01 4.0852251985077914e-03 2.1059576662856270e-02 7.3180894773881440e-05
7.8086413513162378e-01 4.0989114875470412e-03 2.0912302870043895e-02 7.9164891556684168e-05
7.8907521554612692e-01 4.1121689269560391e-03 2.0996036541643160e-02 8.1044997469582400e-05
7.9731243616499736e-01 4.1250516919144609e-03 2.1038009403615408e-02 8.4731168513180920e-05
8.0557500147442251e-01 4.1375136175107463e-03 2.1038718085264540e-02 7.9525733117371289e-05
8.1386211375403406e-01 4.1495986621006842e-03 2.0972024852447934e-02 8.9264642725948965e-05
8.2217297462989558e-01 4.1612622137608413e-03 2.0848321090308798e-02 8.8093495679739399e-05
8.3050677707840181e-01 4.1725402347453922e-03 2.0992690287406850e-02 1.0067270771711888e-04
8.3909546059407913e-01 4.4161432809319834e-03 2.0941908474054284e-02 1.0106990485369389e-04
8.4840612562317785e-01 4.8945217481667358e-03 2.0938960427821191e-02 9.9067623090545623e-05
