3.8486445410940338e+00 1.9470599268509581e-02 2.0967483307350730e-02 7.3648131063395553e-05
3.8879105618720047e+00 1.9795421509461342e-02 2.1098081289187481e-02 6.6906717502007121e-05
3.9274590467108870e+00 1.9753063329420950e-02 2.0907731676723086e-02 7.2715930558680077e-05
3.9673200333792789e+00 2.0107923338970934e-02 2.1095839998496083e-02 6.7512449488580078e-05
4.0078588034733542e+00 2.0430846755103982e-02 2.1276821700302116e-02 6.9332718287048499e-05
4.0487079833255901e+00 2.0418333097131924e-02 2.1208717018879417e-02 7.3233740795718369e-05
4.0898663377751685e+00 2.0740021352446902e-02 2.1382643129353764e-02 7.1667620491929339e-05
4.1316356963382797e+00 2.1029337210664245e-02 2.1161786196799429e-02 7.6270230254877258e-05
4.1737117744844916e+00 2.1046740935547259e-02 2.1111722585061391e-02 7.6889047061725070e-05
4.2161246969250499e+00 2.1366181505011017e-02 2.1604734087864154e-02 7.6943217871007651e-05
4.2591438410243683e+00 2.1652962594307823e-02 2.2205718595028505e-02 7.5950431979618217e-05
4.3024656211838455e+00 2.1668817565169363e-02 2.2504722135173839e-02 8.1066517247075981e-05
4.3461201711512194e+00 2.1985732402204583e-02 2.2675805522835948e-02 9.0717000992917302e-05
4.3903755770178288e+00 2.2269673464404782e-02 2.2443445758539082e-02 8.5670108559018137e-05
4.4352614376641135e+00 2.2616187181879965e-02 2.2312671797256028e-02 8.5441911517022924e-05
4.4804431020110940e+00 2.2565477165100933e-02 2.2076941901239159e-02 8.8117363838024376e-05
4.5258867253019286e+00 2.2878146125733689e-02 2.1686902839941888e-02 9.5051769855283548e-05
4.5719865587550874e+00 2.3221687327425133e-02 2.1762038139474745e-02 9.8439906020084746e-05
4.6187078325333388e+00 2.3499586450825838e-02 2.1357737287398239e-02 1.0461283088487030e-04
4.6656845981392880e+00 2.3477179155123817e-02 2.1422750257377391e-02 1.1202158349480291e-04
4.7129466427547531e+00 2.3784865460340754e-02 2.1497254423891658e-02 1.0314926635666299e-04
4.7608224821029967e+00 2.4090973887902933e-02 2.1418135056484253e-02 1.0819671170380905e-04
4.8093251470299574e+00 2.4411691039058159e-02 2.1509499638946151e-02 1.0023987733282169e-04
4.8584186450619615e+00 2.4681806992945088e-02 2.1423361822351241e-02 1.1519352958353575e-04
4.9077701657443145e+00 2.4669713689408290e-02 2.1591061838530566e-02 1.0857845348730748e-04
4.9574092095582163e+00 2.4969330124493094e-02 2.1428388990797777e-02 1.0303632004195899e-04
5.0076454316450798e+00 2.5266891962370863e-02 2.1232417633148284e-02 1.2045002147242162e-04
5.0584745975295444e+00 2.5562273922094203e-02 2.1386578061315026e-02 1.2292981766223065e-04
5.1278612798785526e+00 4.3824408426913486e-02 2.1191050255032574e-02 1.0302111148903560e-04
