5.2132458500000001e-01 4.2490354999999980e-03 2.0899670605415605e-02 2.5606996190443695e-04
5.3003623275000000e-01 4.4626122499999976e-03 2.1172719110629581e-02 1.7565632757904695e-04
5.3919130874999999e-01 4.6924637499999866e-03 2.1419144690227074e-02 1.2713381438770688e-04
5.4882779550000005e-01 4.9440230000000196e-03 2.1529205608980230e-02 1.0137175165843041e-04
5.5898922925000005e-01 5.2174107500000400e-03 2.1301125390727638e-02 8.1774695705967668e-05
5.6971932900000000e-01 5.5126889999999595e-03 2.1634479635173648e-02 6.9811895304636254e-05
5.8106187525000008e-01 5.8298572500000145e-03 2.1555824799690617e-02 6.1884404018437255e-05
5.9308205199999997e-01 6.1903194999999300e-03 2.1833226922919089e-02 5.2348241049721871e-05
6.0583846749999992e-01 6.5660960000000212e-03 2.1420870516251748e-02 5.0474742545870486e-05
6.1940147950000002e-01 6.9969160000000197e-03 2.1398228913813863e-02 4.7414116242800261e-05
6.3385582299999998e-01 7.4574275000000023e-03 2.1320053956487214e-02 4.4879673499281229e-05
6.4927724524999997e-01 7.9639947500000363e-03 2.1170913584266277e-02 4.0486939177650558e-05
6.6577542350000007e-01 8.5341835000000144e-03 2.1205524547029120e-02 3.8943694652431805e-05
6.8345681175000006e-01 9.1472047499999709e-03 2.1192687244986616e-02 3.6486617681384010e-05
7.0243978475000002e-01 9.8357682499999877e-03 2.1273173756248407e-02 3.7154537794252928e-05
7.2286695700000003e-01 1.0591404000000026e-02 2.1141770569904128e-02 3.4104870296629932e-05
7.4488579150000001e-01 1.1427430499999947e-02 2.0958770578362668e-02 5.7823509729087930e-05
7.6866094774999993e-01 1.2347725749999983e-02 2.1151783113687705e-02 5.4946367658338783e-05
7.9437058674999994e-01 1.3361913250000024e-02 2.1095544054029660e-02 5.3376529779458535e-05
8.2220039849999993e-01 1.4467898500000020e-02 2.1034412986894298e-02 5.1641875818098521e-05
8.5234125600000010e-01 1.5672959000000042e-02 2.0971622760977002e-02 5.1333791069735350e-05
8.8498494775000003e-01 1.6970732749999939e-02 2.0898763183798352e-02 5.1582967809611899e-05
9.2030740725000004e-01 1.8351726750000019e-02 2.1124894961199122e-02 4.9259064073787905e-05
9.5845894750000005e-01 1.9799813499999985e-02 2.1166324210851330e-02 4.5007931627543364e-05
9.9954516550000005e-01 2.1286404499999967e-02 2.1044494482652786e-02 4.3270833166422116e-05
1.0436039855000001e+00 2.2772415500000087e-02 2.0929376991550029e-02 4.2752790001643469e-05
1.0905950647500000e+00 2.4218663750000036e-02 2.1239380681180121e-02 4.4091892134486120e-05
1.1403869392499999e+00 2.5573210749999964e-02 2.1303318385624295e-02 4.1388949289749270e-05
1.1927537585000001e+00 2.6793608500000010e-02 2.1168502027418597e-02 3.9434610399468847e-05
1.2473873127499999e+00 2.7839945749999928e-02 2.1145885577072792e-02 3.8866407585695829e-05
1.3039153432499999e+00 2.8688084750000065e-02 2.1376967796245507e-02 3.9658462864465267e-05
1.3619293777499999e+00 2.9325949749999913e-02 2.1652355312859060e-02 4.1957826688758693e-05
1.4210144355000001e+00 2.9759108000000034e-02 2.1432845556129891e-02 3.8390997664847725e-05
1.4807758845000001e+00 3.0002341000000099e-02 2.1440427678883812e-02 4.0500102117932839e-05
1.5408566534999999e+00 3.0078427999999935e-02 2.1065594761176958e-02 4.2909322695452654e-05
1.6009489472500000e+00 3.0013865749999979e-02 2.1053703623471708e-02 4.2760720447789646e-05
1.6607982685000000e+00 2.9835455499999997e-02 2.0843601369198692e-02 4.5895266800319739e-05
1.7202018600000000e+00 2.9568135999999967e-02 2.1091874817631012e-02 4.7989941645881641e-05
1.7790033557500000e+00 2.9233359750000076e-02 2.1277532719006970e-02 4.8705333311366418e-05
1.8370874220000000e+00 2.8850706499999990e-02 2.1432459285563657e-02 2.9731674073707995e-05
1.8943722844999999e+00 2.8434155999999988e-02 2.1671650058621084e-02 2.9202368734766180e-05
1.9508030832500001e+00 2.7996642750000023e-02 2.1463978735668934e-02 2.7319442799119227e-05
2.0063464584999999e+00 2.7546732500000060e-02 2.1119501109636351e-02 2.9215893034826444e-05
2.0609850944999999e+00 2.7091903499999903e-02 2.1191940701605003e-02 3.0220670421247071e-05
2.1147149540000001e+00 2.6637956000000074e-02 2.1100557233810727e-02 2.9887345514533864e-05
2.1675412237499998e+00 2.6188313750000081e-02 2.1014546136093576e-02 3.2212038176927564e-05
2.2194755405000004e+00 2.5746002999999851e-02 2.0911277483412757e-02 3.2907231308539958e-05
2.2705349515000002e+00 2.5313407999999926e-02 2.0996285032861200e-02 3.3674842604213016e-05
2.3207397185000000e+00 2.4891359000000168e-02 2.1114673946408164e-02 3.5814512584229768e-05
2.3701121737499999e+00 2.4481096249999945e-02 2.1378969266265396e-02 3.6281149916172623e-05
2.4186767329999999e+00 2.4083462999999972e-02 2.1318023066198000e-02 3.7309386666339949e-05
2.4664573870000002e+00 2.3697191000000117e-02 2.1528497149705748e-02 3.8878055634197162e-05
2.5134793007500003e+00 2.3324722749999749e-02 2.1617138182090771e-02 3.9630075471574999e-05
2.5597675987500002e+00 2.2963575250000146e-02 2.1781386549983045e-02 4.0915077319832527e-05
2.6053459667499999e+00 2.2614792750000001e-02 2.1819242225181890e-02 4.2223563721718413e-05
2.6502388565000001e+00 2.2278097000000052e-02 2.1960229377111878e-02 4.2782228107333001e-05
2.6944692264999999e+00 2.1952272999999911e-02 2.2118601534358469e-02 4.4239342142907221e-05
2.7380592754999999e+00 2.1637775999999942e-02 2.2014003722671031e-02 4.6942428218031501e-05
2.7810315692500001e+00 2.1334517749999948e-02 2.1971752135136469e-02 4.8824737706018741e-05
2.8234063272500003e+00 2.1040240250000286e-02 2.2218087742287649e-02 5.0831453489369349e-05
2.8652034272500000e+00 2.0756859749999856e-02 2.2046719704983325e-02 5.0436671399543183e-05
2.9064426877499998e+00 2.0482400749999963e-02 2.1972420887344093e-02 5.2059039605670879e-05
2.9471418747499998e+00 2.0216786250000007e-02 2.1776840971743053e-02 5.4528101598213306e-05
2.9873185642500002e+00 1.9959903249999966e-02 2.1825793202577624e-02 5.4903243321661742e-05
3.0269897084999999e+00 1.9711240999999990e-02 2.1815155270161295e-02 5.7890118504607646e-05
3.0661712890000001e+00 1.9470339499999989e-02 2.1650630283568541e-02 5.7020227197057283e-05
3.1048786352500000e+00 1.9237006750000063e-02 2.1565418487568013e-02 5.8338220015788462e-05
3.1431264787500002e+00 1.9010836749999926e-02 2.1589775584085428e-02 6.0864234680880596e-05
3.1809287777500002e+00 1.8791462250000057e-02 2.1508611659523721e-02 6.1347141803705653e-05
3.2182988699999999e+00 1.8578629999999929e-02 2.1537424141721717e-02 6.0612401438313921e-05
3.2552496944999998e+00 1.8372194500000161e-02 2.1269870246883406e-02 6.2558929961926090e-05
3.2917932877500000e+00 1.8171398749999845e-02 2.1280596010333906e-02 6.5102575720959785e-05
3.3279412932499999e+00 1.7976606750000013e-02 2.1373684992399573e-02 6.5600906409508209e-05
3.3637049807500001e+00 1.7787080750000239e-02 2.1450212197966122e-02 6.8187384675942524e-05
3.3990950385000001e+00 1.7602976999999909e-02 2.1379485249784010e-02 7.0079180979050977e-05
3.4341218697499998e+00 1.7423854249999815e-02 2.1340459776047035e-02 7.1293854125447097e-05
3.4687952855000002e+00 1.7249561500000121e-02 2.1360475451445003e-02 7.1475265758215784e-05
3.5031247457500001e+00 1.7079898750000044e-02 2.1305857130237086e-02 7.4100382090697649e-05
3.5371191089999998e+00 1.6914464499999893e-02 2.1295147975403422e-02 7.5049419096377020e-05
3.5707867112499998e+00 1.6753137750000091e-02 2.1372831985889455e-02 7.7337980071709412e-05
3.6041363610000001e+00 1.6596512000000008e-02 2.1334464951887944e-02 7.8685362899689801e-05
3.6371761634999999e+00 1.6443290500000041e-02 2.1296741794140792e-02 7.9176746407169757e-05
3.6699133287499999e+00 1.6293874749999882e-02 2.1317775529154818e-02 8.0637753745023598e-05
3.7023555087500002e+00 1.6148305249999995e-02 2.1034438448640919e-02 8.2867784375294010e-05
3.7345098787500000e+00 1.6006064749999993e-02 2.1299826607986124e-02 8.4090364906725729e-05
3.7663828685000000e+00 1.5866925000000087e-02 2.1157993513041689e-02 8.4293939813382350e-05
3.7979813939999998e+00 1.5731600499999887e-02 2.1204703017931103e-02 8.6990625247519428e-05
3.8293120295000000e+00 1.5599035000000150e-02 2.1175442274569301e-02 9.0981108362702765e-05
3.8603801167500000e+00 1.5469052249999837e-02 2.1122062343555709e-02 9.1522318219329111e-05
3.8911916557500001e+00 1.5342486750000051e-02 2.0995543253065446e-02 9.2465324123896142e-05
3.9217527704999999e+00 1.5218627999999956e-02 2.1156933817037163e-02 9.6537497835382430e-05
3.9520688045000001e+00 1.5097405999999980e-02 2.1057174417922774e-02 9.9981624303593296e-05
3.9821449635000001e+00 1.4978753000000067e-02 2.1336507712163864e-02 9.8548547020951125e-05
4.0119863197499992e+00 1.4862603249999662e-02 2.1397816678675095e-02 1.0045757218491740e-04
4.0415978152500003e+00 1.4748892250000534e-02 2.1450929720151488e-02 1.0014334117875965e-04
4.0709842654999999e+00 1.4637557999999995e-02 2.1329769221486144e-02 1.0355392701441505e-04
4.1001503247500004e+00 1.4528501249999604e-02 2.0966422264544409e-02 1.0720904269847053e-04
4.1290999399999997e+00 1.4421114000000568e-02 2.1188061153486728e-02 1.0827906958470346e-04
4.1578374077500007e+00 1.4316353749999955e-02 2.1406060559863944e-02 1.0608441657051601e-04
4.1863675800000006e+00 1.4213818500000031e-02 2.1372472846481392e-02 1.1058904556903232e-04
4.2146942695000007e+00 1.4112870999999583e-02 2.1919543754018007e-02 1.1283212097958839e-04
4.2428208907500000e+00 1.4013750250000179e-02 2.2018572430251186e-02 1.1231177802040363e-04
4.2707517824999996e+00 1.3917141499999897e-02 2.2607857154880538e-02 1.1480675025092249e-04
4.2984902747499998e+00 1.3821350749999795e-02 2.2508542239441213e-02 1.1747327949426835e-04
4.3260399927499993e+00 1.3728367250000151e-02 2.2553749306973212e-02 1.1919855632850776e-04
4.3534044155000000e+00 1.3636055500000133e-02 2.2798317464222624e-02 1.2257977785685721e-04
4.3805868582500000e+00 1.3546387249999903e-02 2.2603914059166282e-02 1.2699811837840185e-04
4.4075906452500000e+00 1.3457399750000043e-02 2.2704954180967359e-02 1.2701106684594001e-04
4.4344185672500007e+00 1.3370522250000239e-02 2.2462301053870787e-02 1.2666453641263189e-04
4.4610743132500001e+00 1.3285223749999631e-02 2.2007546082106273e-02 1.3125308161414015e-04
4.4875604404999994e+00 1.3200903500000027e-02 2.2352599546618127e-02 1.3311652573758291e-04
4.5138796155000005e+00 1.3118271500000223e-02 2.1747983005424742e-02 1.3501006723003705e-04
4.5400350805000000e+00 1.3037193499999766e-02 2.1890616910196645e-02 1.4002583037164493e-04
4.5660296407500001e+00 1.2957366750000254e-02 2.1713115064755692e-02 1.4107702747606860e-04
4.5918656295000000e+00 1.2878621999999673e-02 2.1725953937596323e-02 1.4860651121974443e-04
4.6175456035000000e+00 1.2801352000000321e-02 2.1618996161213433e-02 1.4493519706656780e-04
4.6430721332499996e+00 1.2725177749999705e-02 2.1647672844435452e-02 1.4814344429848678e-04
4.6684476589999999e+00 1.2650348000000200e-02 2.1465217892890902e-02 1.4804352941619593e-04
4.6936746845000004e+00 1.2576677499999800e-02 2.1573313778863935e-02 1.5073226126923351e-04
4.7187555044999998e+00 1.2504142500000093e-02 2.1728843370203511e-02 1.5529091020816886e-04
4.7436923687499997e+00 1.2432721749999764e-02 2.1522560659851322e-02 1.5347102747860988e-04
4.7684874849999996e+00 1.2362394500000207e-02 2.1794477898771755e-02 1.5515878109241906e-04
4.7931430080000004e+00 1.2293128500000083e-02 2.1584846485838645e-02 1.5594294597897097e-04
4.8176609092499998e+00 1.2224772750000223e-02 2.1554041521470543e-02 1.6191175556362787e-04
4.8420432467500003e+00 1.2157564749999850e-02 2.1661898509589612e-02 1.7081602472482794e-04
4.8662921280000004e+00 1.2091316499999838e-02 2.1641354799821735e-02 1.6811029051525496e-04
4.8904093537500000e+00 1.2025909250000133e-02 2.1419055592538878e-02 1.6669759211877612e-04
4.9143969149999993e+00 1.1961651999999656e-02 2.1258974448146180e-02 1.7039213379132370e-04
4.9382567977500003e+00 1.1898230750000405e-02 2.1758105407314772e-02 1.7514109132007389e-04
4.9619906487499996e+00 1.1835620249999845e-02 2.1914019852675347e-02 1.7472965260486556e-04
4.9856001225000002e+00 1.1773853500000264e-02 2.1123426342838522e-02 1.7556245619229302e-04
5.0090871455000006e+00 1.1713169500000120e-02 2.1269537794758462e-02 1.7741217600574451e-04
5.0324533589999998e+00 1.1653043999999557e-02 2.1165685187936056e-02 1.8220178499124903e-04
5.0557002535000004e+00 1.1593850500000169e-02 2.1465832417767949e-02 1.8193011832938052e-04
5.0788296559999999e+00 1.1535551999999782e-02 2.1591793498542358e-02 1.9115405557581320e-04
5.1018431115000000e+00 1.1477903500000330e-02 2.1035216522763314e-02 2.0328176263525508e-04
5.1247419777500003e+00 1.1420962749999930e-02 2.1610590953931540e-02 1.9352654194655988e-04
5.1475278255000001e+00 1.1364884999999880e-02 2.1562690518293862e-02 1.9933761574057632e-04
5.1702022005000003e+00 1.1309489999999922e-02 2.1317307033954465e-02 2.0441642070785342e-04
5.1927665150000006e+00 1.1254824500000371e-02 2.1220409547610782e-02 2.0187727346318891e-04
5.2152221920000006e+00 1.1200852499999581e-02 2.1580796171167694e-02 2.0333357222915039e-04
5.2375705919999991e+00 1.1147547499999799e-02 2.1580499790487425e-02 2.0835011922491344e-04
5.2598130927500000e+00 1.1094953250000650e-02 2.1333709307606769e-02 2.1082902932820317e-04
5.2819509607500006e+00 1.1042914749999966e-02 2.1465013059279659e-02 2.0827297414424510e-04
5.3039853990000001e+00 1.0991523499999545e-02 2.1198223718134568e-02 2.1545811606888668e-04
5.3259178117499992e+00 1.0940889250000030e-02 2.1546219282924294e-02 2.2796158416544686e-04
5.3441247650000001e+00 7.2660639999999610e-03 2.1733862754325161e-02 3.2667038779493770e-04
