2.7388248563485935e+00 1.3918528040664402e-02 2.2165449527934516e-02 3.6406483752588370e-04
2.7666891889670078e+00 1.3945804577749632e-02 2.1994928695653129e-02 1.4070744763315955e-04
2.7948885262459235e+00 1.4253532701166138e-02 2.2052551068076045e-02 1.0017755441082683e-04
2.8233931006285617e+00 1.4251041681472287e-02 2.1955400541451779e-02 8.3013113659396713e-05
2.8522613510172783e+00 1.4617208707244256e-02 2.1949790929003673e-02 6.8589262659581941e-05
2.8814633913743339e+00 1.4584831649811392e-02 2.1855927178864306e-02 9.3613315154624348e-05
2.9109988056189544e+00 1.4950582594809081e-02 2.1818421478418032e-02 6.8523246811235479e-05
2.9408671004675870e+00 1.4917712253823545e-02 2.1702508432465271e-02 7.0248346187782375e-05
2.9710678272798412e+00 1.5283014558430619e-02 2.1628686266434764e-02 6.1141770414299958e-05
3.0016004750421903e+00 1.5249633203918256e-02 2.1491870136484639e-02 7.7022528624861138e-05
3.0320959453581926e+00 1.5245837112084493e-02 2.1441169425736747e-02 6.0969792004233503e-05
3.0629522819697401e+00 1.5610499499462804e-02 2.1376734278788421e-02 1.0442501579515913e-04
3.0941391947699826e+00 1.5576413300779635e-02 2.1385643946997566e-02 6.4198003927224618e-05
3.1256561662625963e+00 1.5940558191834153e-02 2.1279219090947932e-02 5.7647491932447332e-05
3.1575026543297797e+00 1.5905929875349001e-02 2.1297118199759185e-02 8.5819825370727289e-05
3.1896479940894062e+00 1.6239409884277523e-02 2.1217722812760308e-02 7.5243276607363368e-05
3.2221367745341696e+00 1.6249370560486032e-02 2.1253161459317681e-02 7.1855426530275003e-05
3.2549683676015824e+00 1.6582222506926758e-02 2.1300158004115933e-02 5.5132916714381895e-05
3.2881121287812940e+00 1.6561538672784870e-02 2.1251093591766298e-02 6.6584561312219671e-05
3.3215672934303200e+00 1.6893625976241111e-02 2.1198540274981578e-02 9.0191230380500949e-05
3.3553788268201967e+00 1.6917907413635636e-02 2.1205081139031707e-02 5.8362692727593340e-05
3.3895156632134253e+00 1.7218928979592985e-02 2.1166483661086699e-02 5.8805341094208051e-05
3.4239469178146900e+00 1.7212325621671631e-02 2.1197467655933808e-02 6.2858100478809504e-05
3.4587021332571664e+00 1.7542889820804763e-02 2.1139782586069956e-02 5.9102492100415495e-05
3.4941179356935224e+00 1.7872912615551240e-02 2.1135037986027033e-02 5.8819894144313956e-05
3.5298562126317488e+00 1.7865364322675159e-02 2.1187205877502703e-02 5.7255728962127647e-05
3.5659468082232646e+00 1.8225231268840680e-02 2.1143744558528275e-02 6.0813087092485352e-05
3.6023585164243581e+00 1.8186476932252837e-02 2.1210990242806906e-02 6.2955419807725091e-05
3.6390597657064441e+00 1.8514772349833120e-02 2.0972330159344920e-02 6.1424823610445645e-05
3.6865073887666702e+00 2.8932850710392755e-02 2.1066887768939700e-02 5.2285880785127963e-05
